# 1:A 2:Z 3:N 4:Yi 5:Xi
    1      1      0     2.16826796110590E-09   2.16826796110590E-09
    2      1      1     3.88487659174213E-16   7.76975318348426E-16
    3      1      2     2.39239240052764E-08   7.17717720158292E-08
    3      2      1     1.91398443944071E-09   5.74195331832214E-09
    4      2      2     3.42748869128469E-04   1.37099547651388E-03
    6      3      3     1.64077753138054E-08   9.84466518828324E-08
    7      3      4     2.74852568273588E-09   1.92396797791511E-08
    9      4      5     1.14965352341807E-06   1.03468817107626E-05
   10      4      6     7.61595290513178E-07   7.61595290513178E-06
   10      5      5     5.28227007037799E-13   5.28227007037799E-12
   11      5      6     2.30430237155240E-08   2.53473260870764E-07
   12      6      6     4.77250287459866E-07   5.72700344951840E-06
   13      6      7     1.65673900364230E-08   2.15376070473499E-07
   14      6      8     1.17651317731504E-08   1.64711844824106E-07
   14      7      7     2.06551660029662E-11   2.89172324041527E-10
   15      7      8     7.34194844188690E-06   1.10129226628304E-04
   16      8      8     1.60839429403609E-07   2.57343087045775E-06
   17      8      9     2.88505068464380E-09   4.90458616389447E-08
   18      8     10     1.81507309673752E-08   3.26713157412753E-07
   19      9     10     5.71699232073794E-07   1.08622854094021E-05
   20     10     10     1.05850418688181E-06   2.11700837376362E-05
   21     10     11     2.39681931163830E-07   5.03332055444043E-06
   22     10     12     8.62057013777240E-06   1.89652543030993E-04
   23     11     12     3.30965926175574E-09   7.61221630203819E-08
   24     12     12     2.14916894181650E-08   5.15800546035959E-07
   25     12     13     6.53514734619302E-08   1.63378683654826E-06
   26     12     14     5.88384561857985E-09   1.52979986083076E-07
   27     13     14     2.23833242763594E-09   6.04349755461703E-08
   28     14     14     1.28785649788057E-09   3.60599819406560E-08
   29     14     15     7.83285870444964E-10   2.27152902429040E-08
   30     14     16     1.96810347846297E-09   5.90431043538892E-08
   31     15     16     2.47712639326619E-09   7.67909181912520E-08
   32     14     18     1.02412009605586E-08   3.27718430737874E-07
   32     15     17     2.60863960309843E-12   8.34764672991497E-11
   32     16     16     6.10816534814147E-11   1.95461291140527E-09
   33     15     18     1.99269586559761E-14   6.57589635647211E-13
   33     16     17     1.16454211955571E-08   3.84298899453386E-07
   34     16     18     2.03652231205365E-08   6.92417586098242E-07
   35     16     19     2.96314021816551E-10   1.03709907635793E-08
   35     17     18     1.48102732531504E-08   5.18359563860264E-07
   36     16     20     4.67754857078914E-09   1.68391748548409E-07
   36     17     19     7.01682218023920E-18   2.52605598488611E-16
   37     17     20     1.26695599295440E-08   4.68773717393128E-07
   38     18     20     7.96150391787575E-09   3.02537148879279E-07
   39     18     21     3.09867466137906E-09   1.20848311793784E-07
   39     19     20     1.09465432550892E-11   4.26915186948480E-10
   40     18     22     5.03291138791143E-09   2.01316455516457E-07
   41     19     22     8.39750385902391E-09   3.44297658219980E-07
   42     18     24     9.53358247237013E-08   4.00410463839545E-06
   42     19     23     4.07024676210656E-12   1.70950364008476E-10
   42     20     22     2.78059802275256E-09   1.16785116955607E-07
   43     20     23     2.50901653290547E-08   1.07887710914935E-06
   44     20     24     2.38256293021299E-08   1.04832768929372E-06
   45     20     25     6.06361919564419E-09   2.72862863803988E-07
   45     21     24     4.48909762913586E-08   2.02009393311114E-06
   46     20     26     3.51592763925916E-08   1.61732671405921E-06
   46     21     25     1.17024065297754E-19   5.38310700369666E-18
   46     22     24     6.93389964859971E-18   3.18959383835587E-16
   47     22     25     1.29636652401967E-08   6.09292266289246E-07
   48     20     28     1.28975664899339E-08   6.19083191516828E-07
   48     21     27     2.21968660000549E-12   1.06544956800264E-10
   48     22     26     4.28056330522240E-10   2.05467038650675E-08
   49     22     27     1.48319055881411E-09   7.26763373818915E-08
   50     22     28     5.25406565979464E-09   2.62703282989732E-07
   51     23     28     6.76035834277212E-09   3.44778275481378E-07
   52     24     28     1.20093536330752E-08   6.24486388919909E-07
   53     24     29     3.79175708844377E-09   2.00963125687520E-07
   54     24     30     3.14261509313243E-09   1.69701215029151E-07
   55     25     30     1.66164258077638E-09   9.13903419427009E-08
   56     26     30     2.52096348473725E-09   1.41173955145286E-07
   57     26     31     4.27072080304182E-09   2.43431085773383E-07
   58     26     32     3.57662887650189E-09   2.07444474837110E-07
   59     26     33     1.72583393288609E-12   1.01824202040280E-10
   59     27     32     3.68390479528831E-09   2.17350382922010E-07
   60     26     34     3.00712100515919E-09   1.80427260309551E-07
   60     27     33     1.00927891905352E-15   6.05567351432112E-14
   60     28     32     9.55709970293737E-17   5.73425982176242E-15
   61     28     33     2.93510913808520E-09   1.79041657423197E-07
   62     28     34     7.07852379028972E-09   4.38868474997963E-07
   63     28     35     7.05825293891163E-09   4.44669935151433E-07
   63     29     34     6.65649916257696E-11   4.19359447242348E-09
   64     28     36     4.30104314897846E-09   2.75266761534622E-07
   64     30     34     2.75427091801348E-20   1.76273338752863E-18
   65     29     36     7.66749332622154E-09   4.98387066204400E-07
   66     30     36     5.84876641124844E-09   3.86018583142397E-07
   67     30     37     8.26234088739924E-09   5.53576839455749E-07
   68     30     38     5.57975765658785E-09   3.79423520647974E-07
   69     31     38     8.24546802574465E-09   5.68937293776381E-07
   70     30     40     3.10586620595766E-09   2.17410634417036E-07
   70     32     38     3.69405204475509E-14   2.58583643132856E-12
   71     31     40     5.27151071382603E-09   3.74277260681648E-07
   72     32     40     6.31942036435518E-09   4.54998266233573E-07
   73     32     41     7.20164229446255E-09   5.25719887495766E-07
   74     32     42     8.26061005188678E-09   6.11285143839621E-07
   75     33     42     2.59116873002091E-08   1.94337654751568E-06
   76     32     44     2.86736421622973E-08   2.17919680433459E-06
   76     34     42     2.99858387878418E-13   2.27892374787598E-11
   77     34     43     5.97109255052086E-08   4.59774126390106E-06
   78     34     44     6.63059250470104E-08   5.17186215366681E-06
   79     34     45     6.75146032491563E-08   5.33365365668334E-06
   79     35     44     2.17149978864292E-13   1.71548483302791E-11
   80     34     46     1.18985024829364E-08   9.51880198634911E-07
   81     35     46     1.18451010048584E-08   9.59453181393532E-07
   82     34     48     7.54595343483253E-09   6.18768181656267E-07
   82     36     46     8.88926332186159E-13   7.28919592392650E-11
   83     36     47     6.61406759617990E-09   5.48967610482931E-07
   84     36     48     1.09978047203773E-08   9.23815596511691E-07
   85     36     49     4.76743386464854E-09   4.05231878495126E-07
   85     37     48     4.40184006680091E-10   3.74156405678078E-08
   86     36     50     1.13307637297260E-08   9.74445680756433E-07
   86     38     48     4.58843244853161E-19   3.94605190573719E-17
   87     37     50     4.72891547302677E-09   4.11415646153329E-07
   87     38     49     9.31331178208885E-20   8.10258125041730E-18
   88     38     50     5.16186047776986E-09   4.54243722043748E-07
   89     38     51     1.80276122939902E-12   1.60445749416513E-10
   89     39     50     1.53786025024693E-09   1.36869562271977E-07
   90     38     52     2.11393320764796E-09   1.90253988688316E-07
   90     39     51     5.35560662546170E-13   4.82004596291553E-11
   90     40     50     7.00154944726590E-11   6.30139450253931E-09
   91     39     52     3.60053015968003E-12   3.27648244530883E-10
   91     40     51     1.22752342229473E-09   1.11704631428820E-07
   92     40     52     2.88479973846929E-09   2.65401575939175E-07
   93     40     53     1.49846806837235E-09   1.39357530358629E-07
   93     41     52     8.82203088109878E-16   8.20448871942186E-14
   94     40     54     1.05716437311267E-09   9.93734510725909E-08
   95     40     55     1.69460303446599E-11   1.60987288274269E-09
   95     41     54     2.01283286427471E-11   1.91219122106097E-09
   95     42     53     3.53482853372372E-09   3.35808710703753E-07
   96     40     56     1.79711668716663E-09   1.72523201967996E-07
   96     41     55     6.66849975184256E-13   6.40175976176886E-11
   96     42     54     2.52978110288776E-10   2.42858985877224E-08
   97     42     55     2.72947092235828E-09   2.64758679468753E-07
   98     42     56     1.65136660365444E-09   1.61833927158135E-07
   99     43     56     2.39636551187671E-09   2.37240185675794E-07
   99     44     55     1.06881615818622E-14   1.05812799660436E-12
  100     42     58     1.72661568765853E-09   1.72661568765852E-07
  100     44     56     4.11684746401096E-15   4.11684746401096E-13
  101     44     57     1.38155083471037E-09   1.39536634305748E-07
  102     44     58     2.53502122532959E-09   2.58572164983618E-07
  103     44     59     3.51576556768468E-13   3.62123853471522E-11
  103     45     58     2.03689414299161E-09   2.09800096728136E-07
  104     44     60     2.81684217928411E-09   2.92951586645547E-07
  104     46     58     7.58162889269393E-17   7.88489404840168E-15
  105     46     59     2.13663190627953E-09   2.24346350159351E-07
  106     44     62     7.03962061343422E-10   7.46199785024027E-08
  106     45     61     6.60089848740767E-16   6.99695239665213E-14
  106     46     60     1.08180490380747E-09   1.14671319803592E-07
  107     46     61     1.99874377399007E-09   2.13865583816937E-07
  107     47     60     2.91950197399568E-16   3.12386711217538E-14
  108     46     62     9.28067159661939E-09   1.00231253243489E-06
  109     47     62     4.76609238764567E-07   5.19504070253378E-05
  110     46     64     8.51769259463584E-07   9.36946185409942E-05
  110     48     62     1.16371247502244E-12   1.28008372252469E-10
  111     47     64     3.01188914224039E-19   3.34319694788683E-17
  111     48     63     1.01969710368695E-06   1.13186378509252E-04
  112     46     66     8.48829795324770E-19   9.50689370763743E-17
  112     47     65     1.26700828583208E-19   1.41904928013192E-17
  112     48     64     6.49928610586374E-07   7.27920043856738E-05
  113     47     66     1.90973233331684E-20   2.15799753664803E-18
  113     48     65     8.96634545083532E-06   1.01319703594439E-03
  114     48     66     1.93673401148486E-06   2.20787677309274E-04
  115     48     67     4.75790204853711E-20   5.47158735581768E-18
  115     49     66     3.32705813280692E-06   3.82611685272796E-04
  116     46     70     4.37378342819469E-19   5.07358877670584E-17
  116     47     69     8.78462742364833E-18   1.01901678114321E-15
  116     48     68     4.42113594953970E-06   5.12851770146605E-04
  116     50     66     3.43311706344931E-13   3.98241579360120E-11
  117     50     67     5.62601024007156E-06   6.58243198088373E-04
  118     46     72     1.98457445413877E-19   2.34179785588375E-17
  118     47     71     3.92735841328907E-19   4.63428292768110E-17
  118     48     70     3.15443103680979E-16   3.72222862343555E-14
  118     49     69     5.22253760885719E-19   6.16259437845148E-17
  118     50     68     8.78090636990495E-06   1.03614695164878E-03
  119     48     71     1.05124437684733E-20   1.25098080844833E-18
  119     50     69     1.15754010357224E-05   1.37747272325097E-03
  120     46     74     4.65808992789267E-18   5.58970791347121E-16
  120     47     73     1.14592409848064E-17   1.37510891817677E-15
  120     48     72     4.93888785531327E-16   5.92666542637592E-14
  120     49     71     2.99443410165923E-17   3.59332092199107E-15
  120     50     70     1.71322924147883E-05   2.05587508977460E-03
  121     48     73     4.07289405729061E-15   4.92820180932164E-13
  121     49     72     6.96922354619027E-15   8.43276049089022E-13
  121     50     71     2.93562709092068E-11   3.55210878001402E-09
  121     51     70     2.10934152058446E-05   2.55230323990720E-03
  122     48     74     2.65465116225573E-15   3.23867441795199E-13
  122     49     73     7.59922576004748E-16   9.27105542725793E-14
  122     50     72     1.78214291273589E-05   2.17421435353779E-03
  122     52     70     4.12959379984832E-11   5.03810443581495E-09
  123     50     73     4.64813506915339E-07   5.71720613505867E-05
  123     51     72     6.16630359811564E-06   7.58455342568224E-04
  124     48     76     2.26112390682541E-18   2.80379364446351E-16
  124     49     75     5.64421654351210E-18   6.99882851395500E-16
  124     50     74     5.24775739787920E-06   6.50721917337020E-04
  124     51     73     4.43093407749659E-16   5.49435825609577E-14
  124     52     72     1.30156038633834E-13   1.61393487905955E-11
  125     51     74     1.63287281207162E-06   2.04109101508953E-04
  125     52     73     6.47296803198185E-07   8.09121003997731E-05
  126     50     76     7.92218602634744E-06   9.98195439319777E-04
  126     51     75     1.16763214041072E-12   1.47121649691750E-10
  126     52     74     3.25902731792660E-11   4.10637442058752E-09
  127     50     77     8.21844056362853E-18   1.04374195158082E-15
  127     51     76     4.00797158738662E-16   5.09012391598101E-14
  127     52     75     4.09642944849038E-17   5.20246539958279E-15
  127     53     74     4.73050226068212E-05   6.00773787106630E-03
  128     50     78     4.39209497878843E-18   5.62188157284918E-16
  128     51     77     4.05513247228942E-17   5.19056956453046E-15
  128     52     76     2.10091665719176E-04   2.68917332120546E-02
  128     54     74     2.18158594642468E-15   2.79243001142359E-13
  129     50     79     2.04997074420062E-20   2.64446226001880E-18
  129     51     78     2.44566333075122E-18   3.15490569666907E-16
  129     52     77     6.47315318013137E-19   8.35036760236947E-17
  129     53     76     4.09847038229075E-04   5.28702679315507E-02
  129     54     75     2.47757916901844E-11   3.19607712803379E-09
  130     50     80     1.82856027842090E-13   2.37712836194716E-11
  130     51     79     1.94340935765338E-12   2.52643216494940E-10
  130     52     78     4.19256554386609E-04   5.45033520702592E-02
  130     54     76     4.59402808898829E-11   5.97223651568477E-09
  131     54     77     3.95929728173921E-04   5.18667943907836E-02
  132     54     78     4.19582611266543E-04   5.53849046871837E-02
  133     55     78     5.62791709567464E-04   7.48512973724727E-02
  134     54     80     3.74404822178388E-04   5.01702461719039E-02
  134     55     79     2.25780435258600E-14   3.02545783246525E-12
  134     56     78     1.31431368731121E-14   1.76118034099702E-12
  135     55     80     1.12668536517898E-04   1.52102524299162E-02
  135     56     79     4.63823679978526E-11   6.26161967971010E-09
  136     54     82     1.14159658896995E-04   1.55257136099913E-02
  136     56     80     1.00709177633110E-12   1.36964481581030E-10
  137     55     82     5.16480166626258E-05   7.07577828277974E-03
  137     56     81     1.65556325457687E-06   2.26812165877031E-04
  138     56     82     2.97339901727689E-05   4.10329064384210E-03
  139     57     82     6.58587701072333E-06   9.15436904490543E-04
  140     56     84     7.02358017291225E-17   9.83301224207716E-15
  140     57     83     1.06644641954721E-17   1.49302498736609E-15
  140     58     82     1.05110381980647E-05   1.47154534772906E-03
  141     58     83     1.12992033068689E-10   1.59318766626851E-08
  141     59     82     3.74327233360873E-06   5.27801399038831E-04
  142     58     84     1.97786828740527E-06   2.80857296811548E-04
  142     60     82     6.29780954111380E-17   8.94288954838160E-15
  143     59     84     2.95678371720948E-17   4.22820071560955E-15
  143     60     83     9.19438194591181E-07   1.31479661826539E-04
  144     58     86     1.83345105554739E-07   2.64016951998824E-05
  144     59     85     7.75127816812933E-12   1.11618405621062E-09
  144     60     84     4.33900839743035E-07   6.24817209229970E-05
  145     60     85     8.12642074652012E-07   1.17833100824542E-04
  146     60     86     7.84425685762871E-07   1.14526150121379E-04
  147     60     87     2.25405650357360E-19   3.31346306025319E-17
  147     61     86     1.11342359715313E-06   1.63673268781511E-04
  147     62     85     4.66332233195642E-07   6.85508382797593E-05
  148     60     88     2.18323434093422E-06   3.23118682458265E-04
  148     62     86     3.96312913160500E-14   5.86543111477540E-12
  149     62     87     1.32708081874323E-06   1.97735041992742E-04
  150     60     90     1.94929943639567E-06   2.92394915459351E-04
  150     62     88     1.20672313559835E-10   1.81008470339752E-08
  151     62     89     2.88444188653645E-06   4.35550724867004E-04
  151     63     88     3.04667039831422E-08   4.60047230145447E-06
  152     62     90     2.73919305796423E-06   4.16357344810563E-04
  152     63     89     2.30879647515197E-19   3.50937064223100E-17
  153     63     90     2.12726957714449E-06   3.25472245303107E-04
  154     62     92     3.16119799178152E-06   4.86824490734354E-04
  154     63     91     2.94533835660257E-12   4.53582106916796E-10
  154     64     90     3.43956044791265E-13   5.29692308978547E-11
  155     63     92     2.21696091208908E-06   3.43628941373808E-04
  155     64     91     4.89542203721090E-07   7.58790415767689E-05
  156     63     93     1.43727362855044E-15   2.24214686053868E-13
  156     64     92     4.06642794704520E-06   6.34362759739051E-04
  157     64     93     4.08506914056880E-06   6.41355855069302E-04
  158     64     94     7.62796703440652E-06   1.20521879143623E-03
  159     65     94     7.98054882593169E-06   1.26890726332314E-03
  160     64     96     1.35440703811920E-05   2.16705126099071E-03
  160     65     95     5.56055377221300E-14   8.89688603554080E-12
  160     66     94     6.31271160962856E-12   1.01003385754057E-09
  161     66     95     1.38206972499909E-05   2.22513225724854E-03
  162     66     96     1.95820938486378E-05   3.17229920347933E-03
  163     66     97     2.15382417233688E-05   3.51073340090912E-03
  164     66     98     2.55770514644295E-05   4.19463644016644E-03
  165     67     98     1.77615449341376E-05   2.93065491413270E-03
  166     68     98     1.18603423161482E-05   1.96881682448061E-03
  167     68     99     1.66482049145163E-05   2.78025022072422E-03
  168     68    100     1.89728061032615E-05   3.18743142534793E-03
  169     69    100     7.32160511179234E-06   1.23735126389290E-03
  170     68    102     1.09011326625491E-05   1.85319255263335E-03
  170     69    101     6.84396799827393E-14   1.16347455970657E-11
  170     70    100     9.30038806471108E-13   1.58106597100088E-10
  171     69    102     6.15934525979199E-06   1.05324803942443E-03
  171     70    101     3.92629808782105E-06   6.71396973017400E-04
  172     70    102     9.90257776891700E-06   1.70324337625372E-03
  173     70    103     1.00997018231393E-05   1.74724841540310E-03
  174     70    104     1.54138078581489E-05   2.68200256731790E-03
  175     71    104     6.18078112486013E-06   1.08163669685052E-03
  176     70    106     1.08033134629580E-05   1.90138316948060E-03
  176     71    105     4.88744225235810E-13   8.60189836415026E-11
  177     72    105     7.93293072272240E-06   1.40412873792186E-03
  178     72    106     1.26433438608117E-05   2.25051520722449E-03
  179     72    107     8.37060791486973E-06   1.49833881676168E-03
  180     72    108     9.11665350214836E-06   1.64099763038671E-03
  181     72    109     2.09850824090423E-09   3.79829991603665E-07
  181     73    108     6.48804130584157E-06   1.17433547635732E-03
  182     72    110     9.89381535445719E-06   1.80067439451121E-03
  182     73    109     3.39533263824881E-13   6.17950540161283E-11
  182     74    108     8.74652963376933E-13   1.59186839334602E-10
  183     74    109     1.93312357803797E-06   3.53761614780949E-04
  184     74    110     4.91825413254145E-06   9.04958760387627E-04
  185     74    111     1.32186675570218E-08   2.44545349804904E-06
  185     75    110     1.25880543115609E-06   2.32879004763877E-04
  186     74    112     4.23321231918409E-06   7.87377491368241E-04
  186     76    110     1.41767773024908E-15   2.63688057826329E-13
  187     75    112     1.24234082819444E-06   2.32317734872360E-04
  187     76    111     2.70740342797274E-17   5.06284441030903E-15
  188     74    114     2.96546430679808E-08   5.57507289678039E-06
  188     75    113     3.04044671475300E-10   5.71603982373564E-08
  188     76    112     3.99962373440010E-06   7.51929262067219E-04
  189     76    113     5.57443458772985E-06   1.05356813708094E-03
  190     76    114     1.84847851386424E-05   3.51210917634206E-03
  191     76    115     7.48448900718476E-15   1.42953740037229E-12
  191     77    114     1.59025741114739E-05   3.03739165529151E-03
  192     76    116     4.64971728390362E-05   8.92745718509496E-03
  192     77    115     1.32082759188884E-14   2.53598897642658E-12
  192     78    114     1.29649946695474E-12   2.48927897655309E-10
  193     77    116     8.49323152512943E-05   1.63919368434998E-02
  194     76    118     1.98373766705542E-04   3.84845107408752E-02
  194     77    117     7.28698890925747E-08   1.41367584839595E-05
  194     78    116     3.39686446300962E-05   6.58991705823866E-03
  195     78    117     4.85482795841871E-04   9.46691451891649E-02
  196     78    118     4.69151631912856E-04   9.19537198549197E-02
  197     79    118     4.38745912308624E-04   8.64329447247989E-02
  198     78    120     1.74533505688254E-04   3.45576341262743E-02
  198     80    118     1.75819693444355E-10   3.48122993019822E-08
  199     80    119     4.14456045095869E-05   8.24767529740779E-03
  200     80    120     1.97127833961849E-06   3.94255667923698E-04
  201     80    121     1.36584165136551E-07   2.74534171924468E-05
  202     80    122     1.56780865132948E-07   3.16697347568555E-05
  203     80    123     1.73036400081333E-10   3.51263892165106E-08
  203     81    122     2.58728735077774E-07   5.25219332207882E-05
  204     80    124     5.01592668737055E-07   1.02324904422359E-04
  204     81    123     7.01646851019428E-16   1.43135957607963E-13
  204     82    122     1.94763276650747E-16   3.97317084367524E-14
  205     81    124     3.99844886135934E-08   8.19682016578665E-06
  206     80    126     1.07315740381277E-19   2.21070425185431E-17
  206     81    125     3.76240561589927E-18   7.75055556875250E-16
  206     82    124     6.47683067860352E-07   1.33422711979232E-04
  207     81    126     1.48793273519092E-12   3.08002076184520E-10
  207     82    125     7.31941308030129E-06   1.51511850762237E-03
  208     81    127     1.13807495643778E-12   2.36719590939058E-10
  208     82    126     1.33860914300254E-05   2.78430701744528E-03
  209     82    127     2.08029393388230E-20   4.34781432181400E-18
  209     83    126     5.45164560792051E-06   1.13939393205539E-03
  210     81    129     1.98115258408100E-18   4.16042042657010E-16
  210     82    128     7.93019983493179E-06   1.66534196533567E-03
  210     83    127     4.90150916849041E-09   1.02931692538299E-06
  210     84    126     1.25203404757694E-07   2.62927149991158E-05
  211     82    129     1.13214567718226E-11   2.38882737885457E-09
  211     83    128     6.69889379779082E-13   1.41346659133386E-10
  211     84    127     7.56121486476239E-18   1.59541633646486E-15
  212     82    130     6.63134560213036E-10   1.40584526765164E-07
  212     83    129     6.28651798561746E-11   1.33274181295090E-08
  214     82    132     2.05117534360990E-13   4.38951523532519E-11
  214     83    131     1.51639123874794E-13   3.24507725092058E-11
  214     84    130     2.09323177987622E-20   4.47951600893511E-18
  215     83    132     1.90380901168072E-18   4.09318937511356E-16
  215     84    131     9.29184523773453E-18   1.99774672611292E-15
  216     84    132     2.51282613464358E-15   5.42770445083012E-13
  218     84    134     2.36862123725239E-14   5.16359429721020E-12
  218     85    133     3.82017443163718E-20   8.32798026096905E-18
  219     85    134     2.41029959420082E-19   5.27855611129979E-17
  219     86    133     2.06602399967750E-14   4.52459255929373E-12
  220     86    134     9.63543922423544E-13   2.11979662933180E-10
  222     86    136     4.20528735493446E-11   9.33573792795451E-09
  223     87    136     9.46939173644277E-14   2.11167435722674E-11
  223     88    135     5.15434728523191E-09   1.14941944460671E-06
  224     88    136     5.44179406526731E-09   1.21896187061988E-06
  225     88    137     3.02919207057976E-11   6.81568215880445E-09
  225     89    136     2.84136541944928E-06   6.39307219376088E-04
  226     88    138     6.43473626625580E-06   1.45425039617381E-03
  227     89    138     3.57098695151616E-06   8.10614037994168E-04
  227     90    137     8.27252365812641E-09   1.87786287039470E-06
  228     88    140     7.48647484737684E-06   1.70691626520192E-03
  228     89    139     9.14274370407161E-10   2.08454556452833E-07
  228     90    138     1.05260900708094E-06   2.39994853614454E-04
  229     90    139     5.86992878376772E-06   1.34421369148281E-03
  230     90    140     1.06083870028972E-05   2.43992901066635E-03
  231     90    141     6.84188144224284E-17   1.58047461315810E-14
  231     91    140     8.95944089626136E-06   2.06963084703637E-03
  232     90    142     1.54741600358097E-05   3.59000512830786E-03
  233     91    142     5.01818755787166E-11   1.16923770098410E-08
  233     92    141     1.32422914259251E-05   3.08545390224055E-03
  234     90    144     1.64431292936463E-11   3.84769225471323E-09
  234     91    143     1.92754435214456E-13   4.51045378401827E-11
  234     92    142     1.89854664301751E-05   4.44259914466098E-03
  235     92    143     1.65275224614769E-05   3.88396777844708E-03
  236     92    144     2.88085420090791E-05   6.79881591414267E-03
  237     92    145     8.54446981585727E-13   2.02503934635817E-10
  237     93    144     2.51742379322093E-05   5.96629438993360E-03
  238     92    146     2.81595497477948E-05   6.70197283997515E-03
  238     94    144     4.18156937073193E-13   9.95213510234199E-11
  239     93    146     9.44660332372291E-12   2.25773819436978E-09
  239     94    145     3.88300579497681E-05   9.28038384999457E-03
  240     92    148     4.60960275357220E-16   1.10630466085733E-13
  240     93    147     3.36634227142693E-17   8.07922145142464E-15
  240     94    146     3.89397463436591E-05   9.34553912247819E-03
  241     94    147     2.64670022493171E-05   6.37854754208543E-03
  241     95    146     1.81038334139187E-06   4.36302385275441E-04
  242     94    148     2.51300635192669E-05   6.08147537166259E-03
  242     96    146     5.64021652813959E-17   1.36493239980978E-14
  243     94    149     2.13704487358461E-16   5.19301904281059E-14
  243     95    148     1.07891802898069E-05   2.62177081042307E-03
  244     94    150     2.28920744156711E-05   5.58566615742376E-03
  244     95    149     3.96060567734988E-19   9.66387785273372E-17
  244     96    148     1.65403671119652E-11   4.03584957531950E-09
  245     95    150     1.36835347382346E-14   3.35246601086747E-12
  245     96    149     1.07977279172428E-05   2.64544333972449E-03
  246     94    152     2.12286402542490E-12   5.22224550254527E-10
  246     95    151     5.30124357249085E-15   1.30410591883275E-12
  246     96    150     2.10500344957307E-05   5.17830848594975E-03
  246     97    149     1.23307903537129E-12   3.03337442701338E-10
  247     96    151     5.90661978886133E-06   1.45893508784875E-03
  248     96    152     1.36717041125543E-05   3.39058261991347E-03
  248     97    151     7.97020061765760E-11   1.97660975317908E-08
  249     96    153     1.14874284895563E-18   2.86036969389952E-16
  249     97    152     3.77510591460072E-06   9.40001372735580E-04
  249     98    151     6.78859257384429E-06   1.69035955088723E-03
  250     96    154     3.29744643535544E-06   8.24361608838860E-04
  250     97    153     5.21010390347497E-11   1.30252597586874E-08
  250     98    152     2.17658644466968E-07   5.44146611167420E-05
  250     99    151     1.30537255567720E-14   3.26343138919301E-12
  251     97    154     7.03689613170309E-15   1.76626092905748E-12
  251     98    153     6.34316578719603E-06   1.59213461258620E-03
  252     98    154     1.36422616532476E-06   3.43784993661838E-04
  252     99    153     2.87559645987893E-08   7.24650307889490E-06
  253     98    155     1.48140686300750E-13   3.74795936340897E-11
  253     99    154     1.06003406344326E-12   2.68188618051145E-10
  254     98    156     9.48484212060328E-12   2.40914989863323E-09
  254     99    155     1.06598696137726E-07   2.70760688189824E-05
  255     99    156     9.05045820662658E-11   2.30786684268978E-08
  255    100    155     1.78754346265141E-12   4.55823582976109E-10
  257    100    157     6.32553380636366E-13   1.62566218823546E-10
  257    101    156     3.02106646989210E-18   7.76414082762269E-16
