# 1:A 2:Y(A) 3:X(A)
    1     2.16780567883751E-09     2.16780567883751E-09
    2     9.43321883259311E-11     1.88664376651862E-10
    3     2.42591655412064E-12     7.27774966236192E-12
    4     3.45498433583323E-04     1.38199373433329E-03
    5     0.00000000000000E+00     0.00000000000000E+00
    6     1.04943069452673E-12     6.29658416716035E-12
    7     2.59255442744413E-10     1.81478809921089E-09
    8     0.00000000000000E+00     0.00000000000000E+00
    9     1.12628024160041E-06     1.01365221744037E-05
   10     7.32045963774928E-07     7.32045963774928E-06
   11     3.66604175338588E-10     4.03264592872447E-09
   12     4.55369689021194E-07     5.46443626825433E-06
   13     1.56720533120606E-08     2.03736693056788E-07
   14     1.03527137022852E-08     1.44937991831993E-07
   15     5.07935264912258E-06     7.61902897368387E-05
   16     1.11279005274305E-07     1.78046408438888E-06
   17     1.99582884356754E-09     3.39290903406482E-08
   18     1.25552444244355E-08     2.25994399639839E-07
   19     3.80928505391644E-07     7.23764160244123E-06
   20     7.05187481941327E-07     1.41037496388265E-05
   21     1.59444353103533E-07     3.34833141517419E-06
   22     4.85907105884614E-06     1.06899563294615E-04
   23     1.86685878202012E-09     4.29377519864627E-08
   24     1.20851098751720E-08     2.90042637004128E-07
   25     3.67291244223174E-08     9.18228110557934E-07
   26     3.30620926596853E-09     8.59614409151817E-08
   27     1.25779073905610E-09     3.39603499545147E-08
   28     7.23574781713663E-10     2.02600938879826E-08
   29     4.40083812563962E-10     1.27624305643549E-08
   30     1.10491114129527E-09     3.31473342388582E-08
   31     1.38996355963009E-09     4.30888703485329E-08
   32     5.77910869487974E-09     1.84931478236152E-07
   33     6.51623543353600E-09     2.15035769306688E-07
   34     1.13766218040856E-08     3.86805141338911E-07
   35     8.43578937541879E-09     2.95252628139658E-07
   36     2.61155125745166E-09     9.40158452682598E-08
   37     7.06539303734055E-09     2.61419542381600E-07
   38     4.43780555503879E-09     1.68636611091474E-07
   39     1.73326123946729E-09     6.75971883392242E-08
   40     2.80052477056137E-09     1.12020990822455E-07
   41     4.66564691313292E-09     1.91291523438450E-07
   42     5.40835872591214E-08     2.27151066488310E-06
   43     1.38206074070737E-08     5.94286118504170E-07
   44     1.30609610034453E-08     5.74682284151594E-07
   45     2.78639129131582E-08     1.25387608109212E-06
   46     1.92089719149975E-08     8.83612708089883E-07
   47     7.07703037454453E-09     3.32620427603593E-07
   48     7.26863790665651E-09     3.48894619519512E-07
   49     8.08107988484184E-10     3.95972914357250E-08
   50     2.85694689159523E-09     1.42847344579761E-07
   51     3.66445341755949E-09     1.86887124295534E-07
   52     6.51930059895478E-09     3.39003631145649E-07
   53     2.05830433262895E-09     1.09090129629335E-07
   54     1.78342127923202E-09     9.63047490785290E-08
   55     8.39318160243698E-10     4.61624988134034E-08
   56     1.34494098639322E-09     7.53166952380204E-08
   57     2.33554630581781E-09     1.33126139431615E-07
   58     2.01624698903143E-09     1.16942325363823E-07
   59     1.91895184414885E-09     1.13218158804782E-07
   60     1.59964383008528E-09     9.59786298051168E-08
   61     1.53428223045112E-09     9.35912160575182E-08
   62     3.86371484539430E-09     2.39550320414446E-07
   63     3.83867402547756E-09     2.41836463605087E-07
   64     2.26913779419803E-09     1.45224818828674E-07
   65     4.16583308121358E-09     2.70779150278883E-07
   66     3.15038205511024E-09     2.07925215637276E-07
   67     4.45009727513209E-09     2.98156517433850E-07
   68     3.00217360795477E-09     2.04147805340924E-07
   69     4.43390661384336E-09     3.05939556355192E-07
   70     1.66879045349943E-09     1.16815331744960E-07
   71     2.83006643550300E-09     2.00934716920713E-07
   72     3.38970299966505E-09     2.44058615975884E-07
   73     3.85951257720462E-09     2.81744418135937E-07
   74     4.40968215309613E-09     3.26316479329113E-07
   75     1.37746978458497E-08     1.03310233843873E-06
   76     1.51847486249826E-08     1.15404089549868E-06
   77     3.14317359957943E-08     2.42024367167616E-06
   78     3.43008326999568E-08     2.67546495059663E-06
   79     3.47621658038057E-08     2.74621109850065E-06
   80     6.11894188048397E-09     4.89515350438718E-07
   81     6.08789667579277E-09     4.93119630739214E-07
   82     3.86993760252984E-09     3.17334883407447E-07
   83     3.38202172252967E-09     2.80707802969963E-07
   84     5.60352467195030E-09     4.70696072443825E-07
   85     2.64815170727900E-09     2.25092895118715E-07
   86     5.76033412694914E-09     4.95388734917626E-07
   87     2.40338962070313E-09     2.09094897001172E-07
   88     2.62304953106829E-09     2.30828358734009E-07
   89     7.81880413279862E-10     6.95873567819077E-08
   90     1.10922053011392E-09     9.98298477102532E-08
   91     6.24527448203720E-10     5.68319977865386E-08
   92     1.46113367512812E-09     1.34424298111787E-07
   93     7.58663042687986E-10     7.05556629699827E-08
   94     5.35164269639911E-10     5.03054413461517E-08
   95     1.80714887783359E-09     1.71679143394191E-07
   96     1.03754264981663E-09     9.96040943823960E-08
   97     1.38040049307717E-09     1.33898847828485E-07
   98     8.35359220959743E-10     8.18652036540548E-08
   99     1.21204057156562E-09     1.19992016584997E-07
  100     8.95921099938933E-10     8.95921099938933E-08
  101     7.11115221050045E-10     7.18226373260545E-08
  102     1.89911435015053E-09     1.93709663715354E-07
  103     1.05165940843327E-09     1.08320919068627E-07
  104     2.12912427745067E-09     2.21428924854869E-07
  105     1.09440086700081E-09     1.14912091035085E-07
  106     1.18103801351860E-09     1.25190029432972E-07
  107     1.12235124618603E-09     1.20091583341905E-07
  108     8.72247922513706E-09     9.42027756314802E-07
  109     4.75593455731282E-07     5.18396866747098E-05
  110     8.50715696179491E-07     9.35787265797440E-05
  111     1.01775505455114E-06     1.12970811055177E-04
  112     6.48487672992613E-07     7.26306193751727E-05
  113     8.96541394494850E-06     1.01309177577918E-03
  114     1.93543790444711E-06     2.20639921106971E-04
  115     3.32745580838836E-06     3.82657417964662E-04
  116     4.42205299641663E-06     5.12958147584329E-04
  117     5.62643837424094E-06     6.58293289786190E-04
  118     8.78046869197931E-06     1.03609530565356E-03
  119     1.15734512908285E-05     1.37724070360859E-03
  120     1.71318479120144E-05     2.05582174944173E-03
  121     2.10869892022048E-05     2.55152569346678E-03
  122     1.78189036453135E-05     2.17390624472824E-03
  123     6.63053202864596E-06     8.15555439523453E-04
  124     5.24853366771587E-06     6.50818174796768E-04
  125     2.27814721390581E-06     2.84768401738226E-04
  126     7.91562926872343E-06     9.97369287859153E-04
  127     4.72927846078925E-05     6.00618364520235E-03
  128     2.10120856033380E-04     2.68954695722726E-02
  129     4.09857530719244E-04     5.28716214627824E-02
  130     4.19296513901737E-04     5.45085468072259E-02
  131     3.96005703310316E-04     5.18767471336514E-02
  132     4.19670892770301E-04     5.53965578456797E-02
  133     5.62898022132995E-04     7.48654369436883E-02
  134     3.74484920415831E-04     5.01809793357213E-02
  135     1.12691775487952E-04     1.52133896908735E-02
  136     1.14188654364329E-04     1.55296569935488E-02
  137     5.33178355658350E-05     7.30454347251939E-03
  138     2.97422978874597E-05     4.10443710846944E-03
  139     6.58681571182464E-06     9.15567383943625E-04
  140     1.05150446171069E-05     1.47210624639497E-03
  141     3.74324938891513E-06     5.27798163837033E-04
  142     1.97849632051330E-06     2.80946477512888E-04
  143     9.19307323442846E-07     1.31460947252327E-04
  144     6.17564792442009E-07     8.89293301116493E-05
  145     8.12808297729143E-07     1.17857203170726E-04
  146     7.84953441600490E-07     1.14603202473672E-04
  147     1.58016508883809E-06     2.32284268059199E-04
  148     2.18466117842734E-06     3.23329854407247E-04
  149     1.32766107336347E-06     1.97821499931157E-04
  150     1.95062411410813E-06     2.92593617116219E-04
  151     2.91604682365618E-06     4.40323070372083E-04
  152     2.74027974419010E-06     4.16522521116895E-04
  153     2.12733940641384E-06     3.25482929181317E-04
  154     3.16297607885669E-06     4.87098316143931E-04
  155     2.70699288779255E-06     4.19583897607845E-04
  156     4.06852085325474E-06     6.34689253107739E-04
  157     4.08718095590486E-06     6.41687410077063E-04
  158     7.63323772431095E-06     1.20605156044113E-03
  159     7.98377947698505E-06     1.26942093684062E-03
  160     1.35506391152171E-05     2.16810225843473E-03
  161     1.38257338781948E-05     2.22594315438937E-03
  162     1.95907557264089E-05     3.17370242767824E-03
  163     2.15420190328013E-05     3.51134910234661E-03
  164     2.55843919815114E-05     4.19584028496788E-03
  165     1.77619848557260E-05     2.93072750119478E-03
  166     1.18651909735918E-05     1.96962170161624E-03
  167     1.66492622882402E-05     2.78042680213612E-03
  168     1.89784440359425E-05     3.18837859803834E-03
  169     7.32238072960083E-06     1.23748234330254E-03
  170     1.09050894590019E-05     1.85386520803033E-03
  171     1.00882692686842E-05     1.72509404494499E-03
  172     9.90659184328990E-06     1.70393379704586E-03
  173     1.01005388881678E-05     1.74739322765302E-03
  174     1.54183039530570E-05     2.68278488783191E-03
  175     6.18111763997968E-06     1.08169558699644E-03
  176     1.08062598688069E-05     1.90190173691002E-03
  177     7.93425371349363E-06     1.40436290728837E-03
  178     1.26469432310697E-05     2.25115589513040E-03
  179     8.37158721015602E-06     1.49851411061793E-03
  180     9.11853687750433E-06     1.64133663795078E-03
  181     6.49072994915055E-06     1.17482212079625E-03
  182     9.89489365718686E-06     1.80087064560801E-03
  183     1.93343536302598E-06     3.53818671433755E-04
  184     4.91892153340775E-06     9.05081562147026E-04
  185     1.27206260238740E-06     2.35331581441668E-04
  186     4.23446050231117E-06     7.87609653429877E-04
  187     1.24259901687002E-06     2.32366016154694E-04
  188     4.03183387442164E-06     7.57984768391268E-04
  189     5.57890556899896E-06     1.05441315254080E-03
  190     1.84978638196874E-05     3.51459412574061E-03
  191     1.59116470460589E-05     3.03912458579726E-03
  192     4.65240366710845E-05     8.93261504084823E-03
  193     8.49846446996298E-05     1.64020364270285E-02
  194     2.32520433084061E-04     4.51089640183078E-02
  195     4.85657721383246E-04     9.47032556697331E-02
  196     4.69221850083945E-04     9.19674826164532E-02
  197     4.38816302902069E-04     8.64468116717076E-02
  198     1.74478927473034E-04     3.45468276396607E-02
  199     4.14323691434390E-05     8.24504145954437E-03
  200     1.97003814427063E-06     3.94007628854126E-04
  201     1.36516122238043E-07     2.74397405698467E-05
  202     1.56805367708683E-07     3.16746842771540E-05
  203     2.58947569159163E-07     5.25663565393102E-05
  204     5.01677720483403E-07     1.02342254978614E-04
  205     3.99943487024763E-08     8.19884148400765E-06
  206     6.47838154860545E-07     1.33454659901272E-04
  207     7.32234644685389E-06     1.51572571449875E-03
  208     1.33907264721495E-05     2.78527110620709E-03
  209     8.29608091743439E-06     1.73388091174379E-03
  210     8.06283424564842E-06     1.69319519158617E-03
  211     1.19963019827143E-11     2.53121971835272E-09
  212     7.26417104750888E-10     1.54000426207188E-07
  213     6.43525993306817E-14     1.37071036574352E-11
  214     3.56929433068395E-13     7.63828986766365E-11
  215     1.11993599878932E-17     2.40786239739704E-15
  216     2.51427071497637E-15     5.43082474434895E-13
  217     7.58687514655464E-19     1.64635190680236E-16
  218     2.36977202745138E-14     5.16610301984400E-12
  219     2.06690066393207E-14     4.52651245401123E-12
  220     9.64097847178195E-13     2.12101526379203E-10
  221     6.72832892247472E-15     1.48696069186691E-12
  222     4.20732370025037E-11     9.34025861455583E-09
  223     5.15656897587092E-09     1.14991488161922E-06
  224     5.44492246192796E-09     1.21966263147186E-06
  225     5.05877709538999E-11     1.13822484646275E-08
  226     6.43785218777817E-06     1.45495459443787E-03
  227     3.58073646453089E-06     8.12827177448512E-04
  228     8.54490771684437E-06     1.94823895944052E-03
  229     5.87149490203937E-06     1.34457233256702E-03
  230     1.06140762773694E-05     2.44123754379496E-03
  231     8.96179982001907E-06     2.07017575842441E-03
  232     1.54803309443192E-05     3.59143677908205E-03
  233     1.32452103867671E-05     3.08613402011674E-03
  234     1.89919608512040E-05     4.44411883918174E-03
  235     1.65306164495261E-05     3.88469486563865E-03
  236     2.88177509373539E-05     6.80098922121551E-03
  237     2.51826252325000E-05     5.96828218010250E-03
  238     2.81685814903523E-05     6.70412239470385E-03
  239     3.88346512612974E-05     9.28148165145007E-03
  240     3.89452521637252E-05     9.34686051929404E-03
  241     2.82720066891049E-05     6.81355361207429E-03
  242     2.51322688191225E-05     6.08200905422763E-03
  243     1.07900857823549E-05     2.62199084511225E-03
  244     2.28954586224735E-05     5.58649190388353E-03
  245     1.07983249128080E-05     2.64558960363796E-03
  246     2.10538979331970E-05     5.17925889156646E-03
  247     5.90815632328049E-06     1.45931461185028E-03
  248     1.36735647427461E-05     3.39104405620104E-03
  249     1.05649774146172E-05     2.63067937623969E-03
  250     3.51525830788832E-06     8.78814576972080E-04
  251     6.34530169462719E-06     1.59267072535143E-03
  252     1.39320955707094E-06     3.51088808381878E-04
  253     1.20912580430603E-12     3.05908828489426E-10
  254     1.06648382483999E-07     2.70886891509358E-05
  255     9.23894499036940E-11     2.35593097254420E-08
  256     0.00000000000000E+00     0.00000000000000E+00
  257     6.33829600881262E-13     1.62894207426484E-10
  258     0.00000000000000E+00     0.00000000000000E+00
  259     0.00000000000000E+00     0.00000000000000E+00
  260     0.00000000000000E+00     0.00000000000000E+00
  261     0.00000000000000E+00     0.00000000000000E+00
  262     0.00000000000000E+00     0.00000000000000E+00
  263     0.00000000000000E+00     0.00000000000000E+00
  264     0.00000000000000E+00     0.00000000000000E+00
  265     0.00000000000000E+00     0.00000000000000E+00
  266     0.00000000000000E+00     0.00000000000000E+00
  267     0.00000000000000E+00     0.00000000000000E+00
  268     0.00000000000000E+00     0.00000000000000E+00
  269     0.00000000000000E+00     0.00000000000000E+00
  270     0.00000000000000E+00     0.00000000000000E+00
  271     0.00000000000000E+00     0.00000000000000E+00
  272     0.00000000000000E+00     0.00000000000000E+00
  273     0.00000000000000E+00     0.00000000000000E+00
  274     0.00000000000000E+00     0.00000000000000E+00
  275     0.00000000000000E+00     0.00000000000000E+00
  276     0.00000000000000E+00     0.00000000000000E+00
  277     0.00000000000000E+00     0.00000000000000E+00
  278     0.00000000000000E+00     0.00000000000000E+00
  279     0.00000000000000E+00     0.00000000000000E+00
  280     0.00000000000000E+00     0.00000000000000E+00
  281     0.00000000000000E+00     0.00000000000000E+00
  282     0.00000000000000E+00     0.00000000000000E+00
  283     0.00000000000000E+00     0.00000000000000E+00
  284     0.00000000000000E+00     0.00000000000000E+00
  285     0.00000000000000E+00     0.00000000000000E+00
  286     0.00000000000000E+00     0.00000000000000E+00
  287     0.00000000000000E+00     0.00000000000000E+00
  288     0.00000000000000E+00     0.00000000000000E+00
  289     0.00000000000000E+00     0.00000000000000E+00
  290     0.00000000000000E+00     0.00000000000000E+00
  291     0.00000000000000E+00     0.00000000000000E+00
  292     0.00000000000000E+00     0.00000000000000E+00
  293     0.00000000000000E+00     0.00000000000000E+00
  294     0.00000000000000E+00     0.00000000000000E+00
  295     0.00000000000000E+00     0.00000000000000E+00
  296     0.00000000000000E+00     0.00000000000000E+00
  297     0.00000000000000E+00     0.00000000000000E+00
  298     0.00000000000000E+00     0.00000000000000E+00
  299     0.00000000000000E+00     0.00000000000000E+00
  300     0.00000000000000E+00     0.00000000000000E+00
  301     0.00000000000000E+00     0.00000000000000E+00
  302     0.00000000000000E+00     0.00000000000000E+00
  303     0.00000000000000E+00     0.00000000000000E+00
  304     0.00000000000000E+00     0.00000000000000E+00
  305     0.00000000000000E+00     0.00000000000000E+00
  306     0.00000000000000E+00     0.00000000000000E+00
  307     0.00000000000000E+00     0.00000000000000E+00
  308     0.00000000000000E+00     0.00000000000000E+00
  309     0.00000000000000E+00     0.00000000000000E+00
  310     0.00000000000000E+00     0.00000000000000E+00
  311     0.00000000000000E+00     0.00000000000000E+00
  312     0.00000000000000E+00     0.00000000000000E+00
  313     0.00000000000000E+00     0.00000000000000E+00
  314     0.00000000000000E+00     0.00000000000000E+00
  315     0.00000000000000E+00     0.00000000000000E+00
  316     0.00000000000000E+00     0.00000000000000E+00
  317     0.00000000000000E+00     0.00000000000000E+00
  318     0.00000000000000E+00     0.00000000000000E+00
  319     0.00000000000000E+00     0.00000000000000E+00
  320     0.00000000000000E+00     0.00000000000000E+00
  321     0.00000000000000E+00     0.00000000000000E+00
  322     0.00000000000000E+00     0.00000000000000E+00
  323     0.00000000000000E+00     0.00000000000000E+00
  324     0.00000000000000E+00     0.00000000000000E+00
  325     0.00000000000000E+00     0.00000000000000E+00
  326     0.00000000000000E+00     0.00000000000000E+00
  327     0.00000000000000E+00     0.00000000000000E+00
  328     0.00000000000000E+00     0.00000000000000E+00
  329     0.00000000000000E+00     0.00000000000000E+00
  330     0.00000000000000E+00     0.00000000000000E+00
  331     0.00000000000000E+00     0.00000000000000E+00
  332     0.00000000000000E+00     0.00000000000000E+00
  333     0.00000000000000E+00     0.00000000000000E+00
  334     0.00000000000000E+00     0.00000000000000E+00
  335     0.00000000000000E+00     0.00000000000000E+00
  336     0.00000000000000E+00     0.00000000000000E+00
  337     0.00000000000000E+00     0.00000000000000E+00
