# 1:A 2:Z 3:N 4:Yi 5:Xi
    1      1      0     3.47598174134976E-06   3.47598174134976E-06
    2      1      1     8.71269537126226E-10   1.74253907425245E-09
    3      1      2     3.03508638859708E-08   9.10525916579125E-08
    3      2      1     2.42806229427325E-09   7.28418688281976E-09
    4      2      2     2.90409374864187E-04   1.16163749945675E-03
    7      3      4     2.90866704791898E-09   2.03606693354328E-08
    9      4      5     1.18021071818479E-06   1.06218964636631E-05
   10      4      6     7.85770462615752E-07   7.85770462615752E-06
   10      5      5     5.37169303659289E-13   5.37169303659289E-12
   11      5      6     2.20083918596780E-08   2.42092310456458E-07
   12      6      6     4.31203347120408E-07   5.17444016544489E-06
   13      6      7     1.98741804297974E-08   2.58364345587367E-07
   14      6      8     1.26432650255383E-08   1.77005710357536E-07
   14      7      7     6.35295342125275E-12   8.89413478975385E-11
   15      7      8     6.80534843931654E-06   1.02080226589748E-04
   16      8      8     1.70265537769290E-07   2.72424860430865E-06
   17      8      9     2.81556907246138E-09   4.78646742318435E-08
   18      8     10     1.83074904302476E-08   3.29534827744456E-07
   19      9     10     4.53951213282317E-07   8.62507305236402E-06
   20     10     10     9.77300707588263E-07   1.95460141517653E-05
   21     10     11     3.33116022771414E-07   6.99543647819969E-06
   22     10     12     8.79612677758981E-06   1.93514789106976E-04
   23     11     12     4.84390554993430E-08   1.11409827648489E-06
   24     12     12     2.56290871266196E-08   6.15098091038869E-07
   25     12     13     4.31046175642068E-08   1.07761543910517E-06
   26     12     14     2.01400854753764E-08   5.23642222359786E-07
   27     13     14     2.68409941159143E-09   7.24706841129685E-08
   28     14     14     4.00501338944383E-09   1.12140374904427E-07
   29     14     15     7.80138788335350E-10   2.26240248617252E-08
   30     14     16     5.50393084545695E-10   1.65117925363708E-08
   31     15     16     2.28056086765588E-09   7.06973868973323E-08
   32     14     18     8.90179952474428E-09   2.84857584791817E-07
   32     15     17     2.26746715235865E-12   7.25589488754768E-11
   32     16     16     5.31058496222277E-11   1.69938718791129E-09
   33     15     18     1.23316380007509E-14   4.06944054024780E-13
   33     16     17     6.84704894746658E-09   2.25952615266397E-07
   34     16     18     1.90085970695008E-08   6.46292300363027E-07
   35     16     19     3.45235408624719E-10   1.20832393018652E-08
   35     17     18     1.71733195537748E-08   6.01066184382118E-07
   36     16     20     1.10563220916841E-08   3.98027595300627E-07
   36     17     19     1.27475965410367E-14   4.58913475477322E-13
   36     18     18     3.94008163814271E-20   1.41842938973138E-18
   37     17     20     1.89847875655559E-08   7.02437139925570E-07
   38     18     20     7.57489670617165E-09   2.87846074834523E-07
   39     18     21     1.47693741209868E-09   5.76005590718486E-08
   39     19     20     5.21749825388255E-12   2.03482431901419E-10
   40     18     22     2.21267114900726E-09   8.85068459602905E-08
   40     19     21     2.49069542679435E-20   9.96278170717742E-19
   41     19     22     5.15941794570585E-09   2.11536135773940E-07
   42     18     24     4.83034263315134E-08   2.02874390592356E-06
   42     19     23     2.06225587489586E-12   8.66147467456262E-11
   42     20     22     1.42229503122747E-09   5.97363913115539E-08
   43     20     23     3.79657747482089E-08   1.63252831417298E-06
   44     20     24     4.69058609255405E-08   2.06385788072378E-06
   45     20     25     3.84489121341386E-09   1.73020104603624E-07
   45     21     24     2.84202918804880E-08   1.27891313462196E-06
   46     20     26     4.47073253562093E-08   2.05653696638563E-06
   46     21     25     1.19791815315293E-16   5.51042350450350E-15
   46     22     24     7.06136808457929E-15   3.24822931890647E-13
   47     22     25     3.00074373421213E-08   1.41034955507970E-06
   48     20     28     3.37156837764391E-08   1.61835282126908E-06
   48     22     26     2.38665794587551E-12   1.14559581402024E-10
   49     22     27     3.50355729302690E-09   1.71674307358318E-07
   50     22     28     1.55403228112428E-08   7.77016140562142E-07
   51     23     28     2.38688400110162E-08   1.21731084056183E-06
   52     24     28     2.14078516404881E-08   1.11320828530538E-06
   53     24     29     8.76684834459960E-09   4.64642962263779E-07
   54     24     30     7.16884677409711E-09   3.87117725801244E-07
   55     25     30     2.83382246358774E-09   1.55860235497325E-07
   56     26     30     9.22796356956485E-09   5.16765959895632E-07
   57     26     31     7.01087442456049E-09   3.99619842199948E-07
   58     26     32     1.56030211513530E-08   9.04975226778475E-07
   59     26     33     2.33107472673969E-12   1.37533408877642E-10
   59     27     32     4.88955208872798E-09   2.88483573234951E-07
   60     26     34     2.32264607721114E-08   1.39358764632668E-06
   60     27     33     7.70080692451475E-15   4.62048415470885E-13
   60     28     32     7.19931197798187E-16   4.31958718678912E-14
   61     28     33     7.65333396418650E-09   4.66853371815376E-07
   62     25     37     2.16171350310573E-10   1.34026237192555E-08
   62     28     34     8.93240198959269E-09   5.53808923354746E-07
   63     28     35     9.05384414600493E-09   5.70392181198311E-07
   63     29     34     8.53845630150803E-11   5.37922746995006E-09
   64     28     36     2.48757668811247E-08   1.59204908039198E-06
   64     30     34     1.25129729052985E-17   8.00830265939103E-16
   65     29     36     2.07635100989264E-09   1.34962815643022E-07
   66     30     36     1.33688525946772E-08   8.82344271248692E-07
   67     30     37     3.01053025086806E-09   2.01705526808160E-07
   68     30     38     6.50998853992042E-09   4.42679220714589E-07
   69     31     38     9.12482175012821E-09   6.29612700758846E-07
   70     30     40     6.27176008264197E-09   4.39023205784938E-07
   70     32     38     5.74651529092904E-11   4.02256070365033E-09
   71     31     40     4.21515022908839E-09   2.99275666265276E-07
   72     32     40     1.18820556110067E-08   8.55508003992481E-07
   73     32     41     3.59520712138546E-09   2.62450119861139E-07
   74     32     42     9.83234977915607E-09   7.27593883657549E-07
   75     33     42     6.12315462550173E-09   4.59236596912630E-07
   76     32     44     1.45892667748059E-08   1.10878427488525E-06
   76     34     42     3.85818675944616E-11   2.93222193717908E-09
   77     34     43     8.40223446988964E-09   6.46972054181502E-07
   78     34     44     3.93572417109258E-08   3.06986485345221E-06
   79     34     45     5.72006635748830E-09   4.51885242241575E-07
   79     35     44     1.83975950099277E-14   1.45341000578429E-12
   80     34     46     2.95632145404558E-08   2.36505716323647E-06
   81     35     46     2.62573587106326E-08   2.12684605556124E-06
   82     34     48     5.62262866735741E-08   4.61055550723308E-06
   82     36     46     1.20633264162654E-09   9.89192766133761E-08
   83     36     47     2.80979633114438E-08   2.33213095484984E-06
   84     36     48     4.27081088250342E-08   3.58748114130287E-06
   85     36     49     2.90210520509551E-08   2.46678942433118E-06
   85     37     48     2.67946846103248E-09   2.27754819187761E-07
   86     36     50     1.43085357329819E-08   1.23053407303644E-06
   86     38     48     2.77244927813027E-15   2.38430637919203E-13
   87     37     50     3.69263221402614E-09   3.21259002620274E-07
   87     38     49     8.12783961434284E-20   7.07122046447827E-18
   88     38     50     4.74999431149822E-09   4.17999499411844E-07
   89     38     51     4.43600933448923E-12   3.94804830769541E-10
   89     39     50     3.73290567205064E-09   3.32228604812507E-07
   90     38     52     2.11108012298262E-09   1.89997211068435E-07
   90     39     51     5.34837839370802E-13   4.81354055433721E-11
   90     40     50     6.99204914865587E-11   6.29284423379028E-09
   91     39     52     7.61788699121197E-12   6.93227716200289E-10
   91     40     51     2.57060245126968E-09   2.33924823065540E-07
   92     40     52     3.04133726131712E-09   2.79803028041175E-07
   93     40     53     1.55475562818577E-09   1.44592273421277E-07
   93     41     52     9.15338973906508E-16   8.51265245733052E-14
   94     40     54     1.34299342626314E-09   1.26241382068735E-07
   95     40     55     1.07610550887988E-11   1.02230023343588E-09
   95     41     54     1.27786527950846E-11   1.21397201553304E-09
   95     42     53     2.22520715488350E-09   2.11394679713933E-07
   96     40     56     1.47032811729422E-09   1.41151499260245E-07
   96     42     54     5.71786716004572E-15   5.48915247364389E-13
   97     42     55     2.53629978996854E-09   2.46021079626948E-07
   98     42     56     5.59250758348725E-10   5.48065743181750E-08
   99     43     56     2.48660903326952E-10   2.46174294293682E-08
   99     44     55     1.10905741529133E-15   1.09796684113841E-13
  100     42     58     1.13414599726119E-09   1.13414599726119E-07
  100     44     56     1.22079990173253E-13   1.22079990173253E-11
  101     44     57     3.08263216317355E-09   3.11345848480528E-07
  102     44     58     6.59150087092645E-10   6.72333088834498E-08
  103     44     59     6.18073640345878E-14   6.36615849556255E-12
  103     45     58     3.50182942116361E-10   3.60688430379852E-08
  104     44     60     7.27853319300725E-09   7.56967452072754E-07
  104     46     58     4.13852167939705E-15   4.30406254657293E-13
  105     46     59     4.07164633255831E-09   4.27522864918623E-07
  106     44     62     1.37877466829039E-08   1.46150114838781E-06
  106     45     61     1.29284689078637E-14   1.37041770423355E-12
  106     46     60     2.11799980778980E-08   2.24507979625719E-06
  107     46     61     2.19037139446175E-09   2.34369739207408E-07
  107     47     60     3.19936817972762E-16   3.42332395230856E-14
  108     46     62     6.02522766721935E-09   6.50724588059690E-07
  109     47     62     2.57059372810178E-10   2.80194716363094E-08
  110     45     65     1.39865396390226E-10   1.53851936029249E-08
  110     46     64     4.55401641275147E-10   5.00941805402662E-08
  110     48     62     3.69822516105845E-13   4.06804767716430E-11
  111     48     63     3.52040860569813E-10   3.90765355232493E-08
  112     45     67     1.45217123308903E-11   1.62643178105971E-09
  112     48     64     1.20979170897977E-09   1.35496671405734E-07
  113     48     65     1.05816164031485E-09   1.19572265355578E-07
  114     48     66     6.78632140471260E-08   7.73640640137236E-06
  115     49     66     3.48612036695312E-07   4.00903842199609E-05
  116     48     68     6.60613024625847E-07   7.66311108565982E-05
  116     50     66     2.77370771444517E-11   3.21750094875640E-09
  117     50     67     2.52768903898197E-06   2.95739617560890E-04
  118     50     68     8.71524420890689E-06   1.02839881665101E-03
  119     47     72     4.96074586163838E-07   5.90328757534967E-05
  119     50     69     1.60503399272205E-06   1.90999045133924E-04
  120     50     70     1.21233810846591E-05   1.45480573015909E-03
  121     51     70     1.43264853157194E-05   1.73350472320205E-03
  122     50     72     1.96065101064206E-05   2.39199423298332E-03
  122     52     70     8.49678205832143E-09   1.03660741111521E-06
  123     50     73     1.52346133975105E-07   1.87385744789379E-05
  123     51     72     2.01987749953555E-06   2.48444932442873E-04
  124     50     74     6.57618584844195E-06   8.15447045206802E-04
  124     51     73     2.59415636773077E-12   3.21675389598616E-10
  124     52     72     7.54678695401850E-10   9.35801582298294E-08
  125     50     75     1.18821353377225E-20   1.48526691721532E-18
  125     51     74     2.07212448530247E-06   2.59015560662808E-04
  125     52     73     8.21318012028333E-07   1.02664751503542E-04
  126     50     76     4.19806142623024E-05   5.28955739705010E-03
  126     51     75     6.18742280735177E-12   7.79615273726322E-10
  126     52     74     6.86311307888734E-10   8.64752247939805E-08
  127     53     74     1.46783582259346E-05   1.86415149469370E-03
  128     52     76     1.40465021534743E-04   1.79795227564472E-02
  128     54     74     5.04226742395137E-13   6.45410230265775E-11
  129     48     81     3.20477180333070E-04   4.13415562629660E-02
  129     53     76     4.00176083652531E-05   5.16227147911765E-03
  129     54     75     2.42012532912852E-12   3.12196167457580E-10
  130     52     78     2.51099393131433E-04   3.26429211070862E-02
  130     54     76     4.42800394946841E-09   5.75640513430893E-07
  131     54     77     2.96455733245456E-04   3.88357010551548E-02
  132     54     78     5.42124409330107E-04   7.15604220315741E-02
  133     55     78     8.13937913827594E-04   1.08253742539070E-01
  134     54     80     5.32446485673394E-04   7.13478290802348E-02
  134     55     79     3.39832227692896E-11   4.55375185108480E-09
  134     56     78     1.97792492178807E-11   2.65041939519601E-09
  135     55     80     1.75443366214812E-04   2.36848544389996E-02
  135     56     79     7.22248526341566E-11   9.75035510561114E-09
  136     54     82     1.05742179454273E-04   1.43809364057811E-02
  136     55     81     3.04717413929139E-20   4.14415682943629E-18
  136     56     80     2.00499846641050E-09   2.72679791431827E-07
  137     55     82     6.28189921704132E-05   8.60620192734660E-03
  137     56     81     2.01362396346448E-06   2.75866482994634E-04
  138     56     82     5.57065567038300E-05   7.68750482512854E-03
  139     57     82     3.16744213004100E-05   4.40274456075699E-03
  140     56     84     1.41387320010882E-16   1.97942248015235E-14
  140     57     83     2.14679689678065E-17   3.00551565549290E-15
  140     58     82     1.76504321184685E-05   2.47106049658559E-03
  141     58     83     2.58644128060760E-10   3.64688220565672E-08
  141     59     82     8.29959890867388E-06   1.17024344612302E-03
  142     58     84     6.02077097959139E-06   8.54949479101977E-04
  142     60     82     1.33481058670713E-13   1.89543103312412E-11
  143     59     84     5.29014474539351E-17   7.56490698591272E-15
  143     60     83     1.39756293154057E-06   1.99851499210301E-04
  144     58     86     2.16320845070540E-07   3.11502016901578E-05
  144     59     85     9.14539299335677E-12   1.31693659104337E-09
  144     60     84     5.11719990328662E-07   7.36876786073273E-05
  145     60     85     3.39645791063878E-07   4.92486397042623E-05
  146     60     86     1.60981672513079E-06   2.35033241869096E-04
  147     60     87     1.09217624811236E-19   1.60549908472516E-17
  147     61     86     4.25744581249049E-07   6.25844534436103E-05
  147     62     85     1.78287381938569E-07   2.62082451449696E-05
  148     60     88     5.64211686374738E-07   8.35033295834612E-05
  148     62     86     5.44725782082630E-12   8.06194157482292E-10
  149     62     87     4.84089831700231E-07   7.21293849233344E-05
  150     60     90     6.60996153361728E-07   9.91494230042592E-05
  150     62     88     5.64366276355671E-09   8.46549414533507E-07
  151     62     89     4.94422724056157E-07   7.46578313324796E-05
  151     63     88     5.22224140771429E-09   7.88558452564858E-07
  152     62     90     1.83134483466249E-06   2.78364414868698E-04
  152     63     89     1.16980697654563E-17   1.77810660434935E-15
  152     64     88     2.37021939182689E-19   3.60273347557688E-17
  153     58     95     1.62544855323373E-07   2.48693628644761E-05
  153     63     90     4.49883788154298E-07   6.88322195876076E-05
  154     58     96     3.30180263526069E-06   5.08477605830146E-04
  154     62     92     4.99887270402292E-07   7.69826396419530E-05
  154     63     91     1.14882485451541E-10   1.76919027595373E-08
  154     64     90     1.34152978231244E-11   2.06595586476115E-09
  155     58     97     2.68723948107740E-06   4.16522119566997E-04
  155     59     96     4.14797488858050E-06   6.42936107729977E-04
  155     63     92     1.58417008800974E-06   2.45546363641510E-04
  155     64     91     3.49783848262687E-07   5.42164964807166E-05
  156     61     95     1.03490862157840E-07   1.61445744966231E-05
  156     63     93     1.10508925940333E-15   1.72393924466920E-13
  156     64     92     2.74245019046572E-06   4.27822229712652E-04
  157     60     97     1.00917504787734E-06   1.58440482516742E-04
  157     64     93     2.41695450040803E-06   3.79461856564061E-04
  158     60     98     4.51038491100091E-06   7.12640815938145E-04
  158     64     94     5.96249746824436E-06   9.42074599982609E-04
  159     60     99     7.19041457894680E-06   1.14327591805254E-03
  159     65     94     3.09550484058440E-06   4.92185269652920E-04
  160     60    100     1.35368130905582E-05   2.16589009448931E-03
  160     61     99     3.20964256471596E-09   5.13542810354553E-07
  160     64     96     1.92712477286158E-06   3.08339963657853E-04
  160     65     95     4.40112514600295E-12   7.04180023360473E-10
  160     66     94     4.96212003686511E-10   7.93939205898418E-08
  161     60    101     9.21581750990848E-06   1.48374661909527E-03
  161     61    100     2.27129500176501E-07   3.65678495284166E-05
  161     66     95     1.96431391562973E-06   3.16254540416386E-04
  162     60    102     3.82446069622869E-05   6.19562632789048E-03
  162     66     96     4.61679958669315E-06   7.47921533044290E-04
  163     62    101     9.04338897418959E-07   1.47407240279290E-04
  163     66     97     2.05076201721615E-06   3.34274208806232E-04
  164     62    102     2.56749807614373E-05   4.21069684487571E-03
  164     66     98     1.26278111195058E-06   2.07096102359896E-04
  165     62    103     4.15292921537776E-06   6.85233320537330E-04
  165     67     98     2.55038750498696E-06   4.20813938322848E-04
  166     62    104     1.19876905211965E-05   1.98995662651862E-03
  166     68     98     4.33531833145836E-06   7.19662843022088E-04
  167     64    103     9.51983692284111E-07   1.58981276611446E-04
  167     68     99     2.31666297275869E-06   3.86882716450702E-04
  168     64    104     1.13002865100981E-05   1.89844813369649E-03
  168     68    100     6.47998146969918E-06   1.08863688690946E-03
  169     64    105     3.06771733514904E-06   5.18444229640189E-04
  169     65    104     1.22098994901987E-06   2.06347301384358E-04
  169     69    100     1.89959027747547E-06   3.21030756893354E-04
  170     64    106     1.45493553793402E-05   2.47339041448784E-03
  170     65    105     3.79028327573181E-07   6.44348156874408E-05
  170     66    104     1.00161094937861E-05   1.70273861394364E-03
  170     68    102     1.07445064003829E-06   1.82656608806509E-04
  170     69    101     6.35661847154198E-12   1.08062514016214E-09
  170     70    100     8.61764735012106E-11   1.46500004952058E-08
  171     64    107     2.89445091743126E-06   4.94951106880746E-04
  171     66    105     2.48693234010110E-06   4.25265430157288E-04
  171     69    102     4.43162756124830E-07   7.57808312973459E-05
  171     70    101     2.82438579203431E-07   4.82969970437867E-05
  172     66    106     1.05647632176574E-05   1.81713927343708E-03
  172     70    102     5.16720701442010E-07   8.88759606480256E-05
  173     66    107     1.74501890296418E-06   3.01888270212804E-04
  173     67    106     8.71237727565182E-08   1.50724126868776E-05
  173     70    103     3.77848282861966E-08   6.53677529351201E-06
  174     66    108     7.81214606888675E-06   1.35931341598629E-03
  174     67    107     3.44825361652629E-08   5.99996129275575E-06
  174     70    104     1.83311856054708E-08   3.18962629535191E-06
  175     66    109     2.77194909462166E-06   4.85091091558790E-04
  175     67    108     7.34172221258348E-08   1.28480138720211E-05
  175     71    104     1.06600959403327E-08   1.86551678955823E-06
  176     66    110     1.11774517385138E-05   1.96723150597844E-03
  176     67    109     1.63175631657976E-08   2.87189111718037E-06
  176     68    108     3.67719169766271E-10   6.47185738788637E-08
  176     70    106     2.00820027946472E-09   3.53443249185791E-07
  176     71    105     3.92169622386792E-13   6.90218535400754E-11
  177     66    111     3.07540975811825E-06   5.44347527186931E-04
  177     67    110     7.56829528040720E-06   1.33958826463208E-03
  177     68    109     2.66930676363003E-06   4.72467297162516E-04
  177     69    108     5.78891486621336E-10   1.02463793131976E-07
  177     72    105     1.63796065179111E-10   2.89919035367026E-08
  178     68    110     8.22137341110398E-06   1.46340446717651E-03
  178     69    109     7.92512175533893E-11   1.41067167245033E-08
  178     72    106     4.05097777695606E-11   7.21074044298178E-09
  179     68    111     2.00901992409175E-06   3.59614566412423E-04
  179     69    110     1.03996197302769E-10   1.86153193171957E-08
  179     72    107     1.83927791821279E-12   3.29230747360089E-10
  180     68    112     1.14844632107058E-05   2.06720337792705E-03
  180     69    111     1.34156346618352E-11   2.41481423913034E-09
  180     72    108     3.52373889049279E-13   6.34273000288702E-11
  181     68    113     2.41813726361182E-06   4.37682844713739E-04
  181     69    112     8.79328606350825E-12   1.59158477749499E-09
  181     70    111     7.00800646240699E-07   1.26844916969567E-04
  181     72    109     3.48829387251158E-17   6.31381190924597E-15
  181     73    108     1.05792252180066E-13   1.91483976445919E-11
  182     68    114     1.24482948226034E-05   2.26558965771381E-03
  182     70    112     6.45721539423163E-06   1.17521320175016E-03
  182     72    110     1.79508602119112E-14   3.26705655856784E-12
  182     73    109     5.04409661838055E-20   9.18025584545260E-18
  182     74    108     9.51110749541015E-19   1.73102156416465E-16
  183     70    113     9.24929609496600E-07   1.69262118537878E-04
  183     74    109     6.85553936870903E-15   1.25456370447375E-12
  184     70    114     4.09723510904445E-06   7.53891260064179E-04
  184     74    110     1.44331898414057E-15   2.65570693081864E-13
  185     70    115     8.50584641407453E-07   1.57358158660379E-04
  185     71    114     9.71525917503873E-17   1.79732294738217E-14
  185     74    111     8.77915291307920E-19   1.62414328891965E-16
  185     75    110     8.30698908902567E-17   1.53679298146975E-14
  186     70    116     3.00944849397018E-06   5.59757419878453E-04
  186     71    115     2.72351184237766E-17   5.06573202682245E-15
  186     74    112     1.77789515568586E-17   3.30688498957570E-15
  187     70    117     7.72198952937458E-07   1.44401204199305E-04
  187     71    116     1.63059498475753E-17   3.04921262149658E-15
  187     72    115     3.42416276806025E-19   6.40318437627267E-17
  187     75    112     8.77524177797091E-18   1.64097021248056E-15
  188     70    118     4.93684286358436E-06   9.28126458353860E-04
  188     71    117     1.97694406706800E-07   3.71665484608785E-05
  188     72    116     4.05696027365215E-07   7.62708531446603E-05
  188     74    114     1.10750216969163E-20   2.08210407902026E-18
  188     76    112     1.48728981706736E-18   2.79610485608663E-16
  189     72    117     1.01831067768061E-05   1.92460718081636E-03
  189     73    116     9.29471555897222E-20   1.75670124064575E-17
  189     76    113     3.14019346291781E-20   5.93496564491466E-18
  190     70    120     4.68571986466911E-05   8.90286774287131E-03
  190     72    118     4.64932506966563E-04   8.83371763236469E-02
  190     76    114     3.85500292979433E-20   7.32450556660922E-18
  191     72    119     4.61348084190084E-05   8.81174840803061E-03
  192     72    120     4.65165757823934E-04   8.93118255021954E-02
  193     72    121     1.58049892513383E-04   3.05036292550829E-02
  194     72    122     5.59206482443577E-04   1.08486057594054E-01
  195     72    123     9.92603495017293E-05   1.93557681528372E-02
  196     72    124     1.14982265769398E-04   2.25365240908019E-02
  196     74    122     1.49716449949515E-05   2.93444241901049E-03
  197     72    125     2.99460390919219E-05   5.89936970110861E-03
  197     74    123     1.07361190570105E-06   2.11501545423107E-04
  198     74    124     2.35515741088637E-06   4.66321167355502E-04
  199     74    125     7.83900330755784E-07   1.55996165820401E-04
  200     74    126     1.31149183003795E-07   2.62298366007591E-05
  200     75    125     2.29092612045061E-10   4.58185224090122E-08
  201     75    126     2.67044504335579E-08   5.36759453714514E-06
  201     76    125     7.61801025489492E-09   1.53122006123388E-06
  202     76    126     6.49671757055004E-08   1.31233694925111E-05
  202     80    122     4.42972654337935E-09   8.94804761762628E-07
  203     77    126     7.40777040704188E-08   1.50377739262950E-05
  203     80    123     2.05969551328152E-13   4.18118189196148E-11
  203     81    122     3.03096981064750E-10   6.15286871561443E-08
  204     77    127     8.49669617427000E-09   1.73332601955108E-06
  204     80    124     2.89502006137390E-08   5.90584092520275E-06
  204     81    123     9.92756583358174E-16   2.02522343005067E-13
  204     82    122     2.75544973207526E-16   5.62111745343354E-14
  205     78    127     1.06068365713249E-08   2.17440149712161E-06
  205     81    124     9.12503165564900E-08   1.87063148940805E-05
  206     78    128     1.16164206153982E-07   2.39298264677203E-05
  206     79    127     7.63178679553286E-09   1.57214807987977E-06
  206     80    126     1.38952290764109E-20   2.86241718974064E-18
  206     81    125     4.87159162613419E-19   1.00354787498364E-16
  206     82    124     7.44512540220323E-08   1.53369583285386E-05
  207     79    128     1.81721052708796E-07   3.76162579107208E-05
  207     81    126     4.65942337458627E-19   9.64500638539358E-17
  207     82    125     2.68338085567298E-07   5.55459837124307E-05
  208     82    126     2.43587100740810E-06   5.06661169540884E-04
  209     81    128     2.14885344343560E-18   4.49110369678041E-16
  209     82    127     8.77731757577375E-15   1.83445937333671E-12
  209     83    126     8.40721394089320E-07   1.75710771364668E-04
  210     82    128     1.02680130662146E-06   2.15628274390507E-04
  210     83    127     6.34651224564061E-10   1.33276757158453E-07
  210     84    126     1.62298649931475E-08   3.40827164856097E-06
  211     81    130     1.37148982354306E-06   2.89384352767586E-04
  211     82    129     3.54534023629424E-18   7.48066789858085E-16
  211     83    128     2.09776393103358E-19   4.42628189448086E-17
  212     81    131     5.89093019588179E-08   1.24887720152694E-05
  212     82    130     2.66388119595399E-20   5.64742813542247E-18
  213     83    130     2.05531503575889E-15   4.37782102616644E-13
  214     82    132     7.32204327744966E-20   1.56691726137423E-17
  214     83    131     5.41281661898394E-20   1.15834275646256E-17
  216     82    134     8.09537198265201E-07   1.74860034825283E-04
  217     82    135     7.76995657218659E-08   1.68608057616449E-05
  217     84    133     1.91946643132775E-08   4.16524215598122E-06
  217     85    132     2.42319338021744E-20   5.25832963507183E-18
  218     82    136     2.23064978872305E-06   4.86281653941624E-04
  219     82    137     2.75775820713071E-07   6.03949047361626E-05
  219     83    136     2.85764964621202E-09   6.25825272520433E-07
  219     84    135     2.09716785451926E-10   4.59279760139719E-08
  220     82    138     1.34603038578095E-06   2.96126684871808E-04
  220     83    137     3.52843010451976E-10   7.76254622994348E-08
  220     84    136     7.58155101536014E-07   1.66794122337923E-04
  221     82    139     1.14409337541375E-08   2.52844635966439E-06
  221     84    137     7.97028462061776E-08   1.76143290115653E-05
  221     87    134     2.14771799576069E-16   4.74645677063112E-14
  222     84    138     2.38334750274879E-07   5.29103145610232E-05
  222     86    136     1.50124485164854E-17   3.33276357065977E-15
  223     84    139     6.90810956962679E-08   1.54050843402677E-05
  223     87    136     3.25196856456428E-20   7.25188989897835E-18
  223     88    135     1.61422682859101E-15   3.59972582775796E-13
  224     82    142     2.31545218922968E-06   5.18661290387448E-04
  224     84    140     9.23781272577519E-07   2.06927005057364E-04
  224     85    139     8.15001198625187E-17   1.82560268492042E-14
  224     88    136     2.18601799186078E-19   4.89668030176815E-17
  225     84    141     1.35301751403254E-07   3.04428940657321E-05
  225     85    140     5.00409520370242E-16   1.12592142083304E-13
  225     88    137     9.67782474112810E-13   2.17751056675382E-10
  225     89    136     6.48142634437602E-13   1.45832092748460E-10
  226     84    142     1.49570808744308E-06   3.38030027762137E-04
  226     85    141     1.92310097127612E-16   4.34620819508404E-14
  226     88    138     2.32274617827679E-12   5.24940636290554E-10
  227     84    143     1.63698242339917E-07   3.71595010111611E-05
  227     85    142     4.78915197422720E-16   1.08713749814957E-13
  227     89    138     1.22640000748168E-12   2.78392801698341E-10
  227     90    137     2.68447950099681E-15   6.09376846726276E-13
  228     84    144     2.50195598816740E-06   5.70445965302167E-04
  228     85    143     1.24964870654962E-16   2.84919905093313E-14
  228     88    140     3.00050756999831E-16   6.84115725959615E-14
  228     89    139     3.66429852917042E-20   8.35460064650857E-18
  228     90    138     4.22830066066300E-17   9.64052550631165E-15
  229     84    145     3.56006493089635E-07   8.15254869175264E-05
  229     90    139     1.87539904629194E-07   4.29466381600853E-05
  230     84    146     4.04771845588745E-06   9.30975244854114E-04
  230     86    144     3.35605912439050E-06   7.71893598609816E-04
  230     90    140     1.84698130798309E-07   4.24805700836110E-05
  231     86    145     8.83538327941020E-07   2.04097353754376E-04
  231     90    141     9.56836065638294E-18   2.21029131162446E-15
  231     91    140     4.32453830677345E-08   9.98968348864668E-06
  232     86    146     5.80345284258103E-06   1.34640105947880E-03
  232     90    142     4.22001133047849E-08   9.79042628671009E-06
  233     86    147     1.57484841280243E-06   3.66939680182966E-04
  233     87    146     1.35552635052890E-09   3.15837639673233E-07
  233     91    142     6.38673519458180E-14   1.48810930033756E-11
  233     92    141     1.48368830119074E-08   3.45699374177441E-06
  234     86    148     1.39918918533620E-05   3.27410269368671E-03
  234     87    147     7.23399214469746E-10   1.69275416185921E-07
  234     90    144     7.59053498789584E-12   1.77618518716763E-09
  234     91    143     8.89800040481489E-14   2.08213209472668E-11
  234     92    142     8.28314677382163E-06   1.93825634507426E-03
  235     86    149     3.25639325257462E-06   7.65252414355036E-04
  235     88    147     2.44291112087817E-06   5.74084113406369E-04
  235     92    143     2.31137081514484E-06   5.43172141559038E-04
  236     88    148     1.77898641809489E-05   4.19840794670394E-03
  236     89    147     2.53195843200444E-07   5.97542189953049E-05
  236     92    144     9.22089122168723E-07   2.17613032831819E-04
  237     88    149     4.53797553993753E-06   1.07550020296520E-03
  237     89    148     5.43785252644365E-07   1.28877104876714E-04
  237     92    145     7.94587735194898E-20   1.88317293241191E-17
  237     93    144     1.75404784836874E-07   4.15709340063390E-05
  238     88    150     2.24997280857053E-05   5.35493528439786E-03
  238     89    149     1.77972085633610E-07   4.23573563807991E-05
  238     92    146     5.31923218339613E-08   1.26597725964828E-05
  238     94    144     1.42454955765139E-12   3.39042794721031E-10
  239     88    151     5.99765169499187E-06   1.43343875510306E-03
  239     89    150     2.60297275406790E-07   6.22110488222228E-05
  239     90    149     7.74059980793756E-07   1.85000335409708E-04
  239     93    146     2.66176405141875E-19   6.36161608289080E-17
  239     94    145     7.84562254959433E-09   1.87510378935304E-06
  240     88    152     5.14363326993489E-05   1.23447198478437E-02
  240     90    150     4.92679382061887E-06   1.18243051694853E-03
  240     91    149     1.69274924804568E-09   4.06259819530964E-07
  240     94    146     3.77891350426162E-10   9.06939241022790E-08
  241     90    151     1.59238547323652E-06   3.83764899050002E-04
  241     91    150     1.41811331356049E-09   3.41765308568079E-07
  241     92    149     2.31246211666426E-11   5.57303370116086E-09
  241     94    147     2.46128039842890E-12   5.93168576021365E-10
  241     95    146     1.68353603564303E-13   4.05732184589971E-11
  242     90    152     1.48653902231481E-05   3.59742443400184E-03
  242     91    151     3.29229897602036E-10   7.96736352196927E-08
  242     94    148     8.07015989542404E-12   1.95297869469262E-09
  243     90    153     2.31732181744375E-06   5.63109201638831E-04
  243     91    152     4.79580898385588E-10   1.16538158307698E-07
  243     92    151     5.83309819183960E-13   1.41744286061702E-10
  243     95    148     3.04006119967437E-13   7.38734871520873E-11
  244     90    154     2.09266943685511E-05   5.10611342592647E-03
  244     91    153     6.09621685396430E-11   1.48747691236729E-08
  244     92    152     1.43640446018794E-05   3.50482688285857E-03
  244     94    150     4.09026245103332E-14   9.98024038052130E-12
  244     96    148     2.43681914338309E-16   5.94583870985474E-14
  245     90    155     1.63506133950801E-06   4.00590028179462E-04
  245     92    153     2.46463105548177E-06   6.03834608593033E-04
  245     93    152     2.44025752050015E-14   5.97863092522536E-12
  245     96    149     1.97541542964208E-15   4.83976780262311E-13
  246     92    154     1.51243977246903E-05   3.72060184027381E-03
  246     93    153     5.03394292725513E-15   1.23834996010476E-12
  246     96    150     4.01110274799692E-16   9.86731276007242E-14
  247     92    155     6.44183743675715E-07   1.59113384687902E-04
  247     93    154     4.74250120724322E-15   1.17139779818908E-12
  247     96    151     1.04344373989185E-17   2.57730603753287E-15
  248     92    156     1.00085957252989E-05   2.48213173987413E-03
  248     93    155     4.01515088937507E-16   9.95757420565018E-14
  248     94    154     6.69535859294786E-19   1.66044893105107E-16
  248     96    152     1.06595839330102E-19   2.64357681538653E-17
  249     92    157     4.62661507690439E-07   1.15202715414919E-04
  249     93    156     1.42381606897287E-16   3.54530201174245E-14
  249     94    155     1.06738743803653E-20   2.65779472071096E-18
  250     92    158     1.15091197828547E-05   2.87727994571369E-03
  250     93    157     1.51285260311065E-17   3.78213150777664E-15
  250     94    156     5.38042761102086E-18   1.34510690275522E-15
  251     92    159     1.39089142898623E-06   3.49113748675543E-04
  251     94    157     4.69874603931913E-19   1.17938525586910E-16
  252     92    160     3.23646780533713E-05   8.15589886944958E-03
  252     94    158     4.12906103276822E-05   1.04052338025759E-02
  253     92    161     7.84502717344556E-06   1.98479187488173E-03
  253     94    159     9.07440118962827E-07   2.29582350097595E-04
  254     94    160     2.20176591443532E-06   5.59248542266570E-04
  255     94    161     3.12292754250760E-08   7.96346523339437E-06
  256     94    162     1.04025619161333E-06   2.66305585053012E-04
  257     94    163     4.96180733461332E-09   1.27518448499562E-06
  257     96    161     2.03858325449399E-10   5.23915896404955E-08
  258     94    164     4.83445587580530E-07   1.24728961595777E-04
  258     96    162     1.65781993660986E-12   4.27717543645344E-10
  259     96    163     2.88086337406737E-15   7.46143613883450E-13
  260     96    164     1.03828401371611E-17   2.69953843566189E-15
